env OMP_NUM_THREADS=2 > /dev/null
./a.out
START
--- Time report: 14.8405sec.
Etot          = 7.0347e+11
--- Time report: 19.1409sec.
--- Time report: 13.4125sec.
--- Time report: 8.15551sec.
0 234968
1 753839
2 1257413
3 1758978
4 2261916
5 2764963
6 3267672
7 3769660
8 4272483
9 4775943
10 5277876
11 5779815
12 6282860
13 6787914
14 7287926
15 7791742
16 8293803
17 8795998
18 9300404
19 9801120
20 10305086
21 10805038
22 11311117
23 11813100
24 12315876
25 12817979
26 13319798
27 13823352
28 14326990
29 14829129
30 15329809
31 15834185
32 16336376
33 16841134
34 17341088
35 17843524
36 18346935
37 18848545
38 19353455
39 19856446
40 20355539
41 20860336
42 21360598
43 21865989
44 22368573
45 22871326
46 23371647
47 23875815
48 24379309
49 24880472
50 21087130
51 17947591
52 15991331
53 14447142
54 13127743
55 11954272
56 10886806
57 9898265
58 8971468
59 8093721
60 7256141
61 6451815
62 5676870
63 4925436
64 4195493
65 3483500
66 2788071
67 2107896
68 1439414
69 781885
70 162151
--- Time report: 6.88826sec.
Etot get   = 7.03427e+11
Etot calc  = 7.03427e+11
Najmniejsza odleglosc do najblizszego sasiada: 0.102977
Total time = 62.4379
