env OMP_NUM_THREADS=4 > /dev/null
./a.out
START
double Etot = mc->calcTotalPotentialEnergy();
--- Time report: 17.7243sec.
Etot          = 9.21743e+10
for mc->calcMC
--- Time report: 144.997sec.
Etot = mc->calcTotalPotentialEnergy();
--- Time report: 17.069sec.
double avrMinDist = mc->calcMinOfMinDistance();
--- Time report: 2.70822sec.
0 234849
1 752745
2 1253308
3 1752755
4 2250085
5 2746128
6 3242512
7 3736103
8 4229600
9 4721619
10 5212703
11 5702577
12 6160845
13 6641497
14 7123634
15 7603177
16 8081191
17 8557348
18 9033729
19 9508110
20 9971813
21 10443439
22 10912310
23 11379915
24 11846809
25 12312171
26 12777162
27 13236476
28 13662288
29 14119650
30 14575937
31 15029320
32 15480454
33 15934390
34 16382784
35 16831279
36 17276103
37 17722888
38 18168359
39 18608546
40 19051695
41 19490313
42 19930291
43 20366925
44 20767666
45 21204386
46 21630558
47 22067235
48 22492329
49 22918976
50 19653007
51 16894795
52 15180619
53 13778890
54 12569664
55 11492214
56 10498060
57 9576303
58 8706800
59 7876497
60 7098697
61 6325745
62 5579236
63 4850821
64 4141948
65 3446610
66 2764309
67 2093469
68 1433268
69 780416
70 162384
long *histogram = mc->getHistogram( HISTOGRAM_SIZE );
--- Time report: 6.42319sec.
Etot get   = 9.21743e+10
Etot calc  = 9.21741e+10
Najmniejsza odleglosc do najblizszego sasiada: 0.234014
Total time = 188.922
