env OMP_NUM_THREADS=4 > /dev/null
./a.out
START
double Etot = mc->calcTotalPotentialEnergy();
--- Time report: 5.36877sec.
Etot          = 2.47024e+14
prep
--- Time report: 18.9675sec.
Etot = mc->calcTotalPotentialEnergy();
--- Time report: 4.58496sec.
double avrMinDist = mc->calcMinOfMinDistance();
--- Time report: 7.99328sec.
0 234668
1 754334
2 1256916
3 1759465
4 2261565
5 2764203
6 3266154
7 3770294
8 4271961
9 4776597
10 5277987
11 5781423
12 6283939
13 6785479
14 7289514
15 7789640
16 8293940
17 8796589
18 9299252
19 9801986
20 10304207
21 10807650
22 11310225
23 11811489
24 12316155
25 12818727
26 13318822
27 13823279
28 14326448
29 14827356
30 15329460
31 15833985
32 16335573
33 16837164
34 17341912
35 17844210
36 18348811
37 18847546
38 19350106
39 19856889
40 20357638
41 20859998
42 21361800
43 21865246
44 22368644
45 22870898
46 23371610
47 23878541
48 24378813
49 24880588
50 21085373
51 17948920
52 15993009
53 14446663
54 13126379
55 11957228
56 10887921
57 9897305
58 8972737
59 8094538
60 7256436
61 6452799
62 5676599
63 4925242
64 4195135
65 3483948
66 2788880
67 2107605
68 1438919
69 782354
70 162314
long *histogram = mc->getHistogram( HISTOGRAM_SIZE );
--- Time report: 7.56686sec.
Etot get   = 1.03998e+14
Etot calc  = 1.03998e+14
Najmniejsza odleglosc do najblizszego sasiada: 0.0679179
Total time = 44.4814
