env OMP_NUM_THREADS=4 > /dev/null
./a.out
START
double Etot = mc->calcTotalPotentialEnergy();
--- Time report: 5.59448sec.
Etot          = 1.00358e+12
prep
--- Time report: 18.9316sec.
Etot = mc->calcTotalPotentialEnergy();
--- Time report: 4.44854sec.
double avrMinDist = mc->calcMinOfMinDistance();
--- Time report: 2.47816sec.
0 234762
1 754130
2 1256557
3 1759424
4 2261876
5 2764460
6 3268128
7 3768788
8 4274048
9 4773438
10 5278401
11 5781492
12 6283299
13 6786987
14 7288661
15 7790285
16 8294466
17 8799048
18 9298608
19 9801022
20 10303794
21 10805476
22 11310734
23 11813900
24 12314026
25 12818633
26 13318629
27 13822742
28 14326177
29 14826686
30 15333854
31 15833898
32 16335546
33 16841120
34 17340397
35 17845822
36 18346619
37 18847741
38 19352422
39 19853785
40 20356655
41 20860781
42 21362038
43 21866894
44 22366812
45 22868481
46 23373558
47 23877493
48 24377635
49 24884138
50 21084815
51 17948294
52 15992969
53 14445432
54 13126213
55 11955159
56 10887088
57 9899715
58 8971454
59 8092630
60 7257033
61 6451304
62 5677169
63 4925648
64 4197343
65 3482913
66 2789853
67 2107410
68 1438720
69 782385
70 162087
long *histogram = mc->getHistogram( HISTOGRAM_SIZE );
--- Time report: 7.33759sec.
Etot get   = 9.99951e+11
Etot calc  = 9.99951e+11
Najmniejsza odleglosc do najblizszego sasiada: 0.101124
Total time = 38.7904
