env OMP_NUM_THREADS=4 > /dev/null
./a.out
START
--- Time report: 4.19713sec.
Etot          = 3.67769e+09
--- Time report: 17.7885sec.
--- Time report: 4.23547sec.
--- Time report: 7.6813sec.
0 235168
1 754062
2 1256058
3 1759840
4 2262596
5 2763557
6 3267334
7 3770813
8 4272867
9 4775971
10 5276180
11 5780924
12 6281653
13 6786036
14 7287179
15 7792942
16 8292225
17 8797053
18 9298579
19 9802433
20 10303215
21 10805920
22 11311310
23 11812430
24 12315828
25 12818254
26 13317885
27 13823448
28 14325133
29 14826996
30 15332396
31 15832564
32 16335540
33 16839927
34 17340335
35 17847647
36 18345617
37 18848130
38 19354525
39 19853751
40 20357560
41 20858917
42 21362853
43 21867411
44 22366880
45 22869225
46 23374702
47 23875865
48 24379986
49 24878905
50 21089326
51 17946440
52 15995513
53 14447165
54 13126895
55 11955703
56 10887183
57 9897838
58 8972932
59 8093611
60 7257250
61 6452274
62 5676417
63 4924653
64 4195912
65 3483948
66 2788914
67 2107928
68 1438973
69 782195
70 162305
--- Time report: 7.30061sec.
Etot get   = 3.45428e+09
Etot calc  = 3.45428e+09
Najmniejsza odleglosc do najblizszego sasiada: 0.165306
Total time = 41.203
