env OMP_NUM_THREADS=4 > /dev/null
./a.out
START
double Etot = mc->calcTotalPotentialEnergy();
--- Time report: 4.64965sec.
Etot          = -57512.9
for mc->calcMC
--- Time report: 17.2428sec.
Etot = mc->calcTotalPotentialEnergy();
--- Time report: 4.15473sec.
double avrMinDist = mc->calcMinOfMinDistance();
--- Time report: 2.44827sec.
0 234740
1 754198
2 1256645
3 1758852
4 2262468
5 2764413
6 3266379
7 3769989
8 4272828
9 4775772
10 5277599
11 5780835
12 6282560
13 6786108
14 7287978
15 7791775
16 8293186
17 8797199
18 9296758
19 9802708
20 10305107
21 10807524
22 11309684
23 11811425
24 12316895
25 12817509
26 13319960
27 13823386
28 14325285
29 14828472
30 15329152
31 15835225
32 16335548
33 16837295
34 17343842
35 17842716
36 18348156
37 18847967
38 19351602
39 19853406
40 20356815
41 20861568
42 21362890
43 21868214
44 22366007
45 22869867
46 23374953
47 23873620
48 24377451
49 24884076
50 21088109
51 17945559
52 15995156
53 14448351
54 13126470
55 11954021
56 10887294
57 9897988
58 8972695
59 8093535
60 7255923
61 6452801
62 5676333
63 4925634
64 4197335
65 3483329
66 2788965
67 2108364
68 1439222
69 782061
70 162248
long *histogram = mc->getHistogram( HISTOGRAM_SIZE );
--- Time report: 7.28901sec.
Etot get   = -57512.9
Etot calc  = -56175.7
Najmniejsza odleglosc do najblizszego sasiada: 0.203178
Total time = 35.7845
